GPU ok!
GPU0
set seed 500
MLKernel id=0 TOTAL=0
MLKernel id=1 TOTAL=0
MLKernel id=2 TOTAL=0
MLKernel id=3 TOTAL=0
MLKernel id=4 TOTAL=0
MLKernel id=0 TOTAL=1
MLKernel id=1 TOTAL=1
MLKernel id=2 TOTAL=1
MLKernel id=3 TOTAL=1
MLKernel id=4 TOTAL=1
GPU0, initializing 5 kernels
Kernel INIT: SWAP TOTAL:0
graph resize to 1002
transBuffer size8016
transBuffer Pointer 0x203600000
Kernel INIT: 2OPT TOTAL:0
graph resize to 1002
transBuffer size8016
transBuffer Pointer 0x203602000
Kernel INIT: OROPT1 TOTAL:0
graph resize to 1002
transBuffer size8016
transBuffer Pointer 0x203604000
Kernel INIT: OROPT2 TOTAL:0
graph resize to 1002
transBuffer size8016
transBuffer Pointer 0x203606000
Kernel INIT: OROPT3 TOTAL:0
graph resize to 1002
transBuffer size8016
transBuffer Pointer 0x203608000
GPU0, initializing 5 tkernels
Kernel INIT: SWAP TOTAL:1
graph resize to 1002
transBuffer size8032032
transBuffer Pointer 0x203700000
Kernel INIT: 2OPT TOTAL:1
graph resize to 1002
transBuffer size8032032
transBuffer Pointer 0x203ec0000
Kernel INIT: OROPT1 TOTAL:1
graph resize to 1002
transBuffer size8032032
transBuffer Pointer 0x204680000
Kernel INIT: OROPT2 TOTAL:1
graph resize to 1002
transBuffer size8032032
transBuffer Pointer 0x204e40000
Kernel INIT: OROPT3 TOTAL:1
graph resize to 1002
transBuffer size8032032
transBuffer Pointer 0x205600000
BEGIN WAMCA 2016 Experiments
RAND_SEED	: 500
***
* Solution #1
***
random solution created!
<0,222,364,567,516,680,910,10,868,867,373,184,432,81,151,878,652,324,180,743,489,640,520,86,358,762,620,213,552,414,393,287,797,449,628,985,203,876,316,83,918,154,555,170,971,677,322,860,439,577,429,961,348,339,795,637,688,732,132,670,616,311,757,850,48,27,875,654,54,212,894,754,182,55,906,239,45,995,354,423,156,748,527,94,934,147,101,409,744,632,720,566,403,557,886,470,357,476,766,234,131,661,133,653,75,183,745,417,106,647,582,145,801,328,349,32,469,982,21,455,726,591,340,461,685,893,562,477,99,2,78,344,504,536,11,381,996,929,268,545,332,435,321,247,308,430,33,275,768,76,656,848,5,553,716,854,115,260,232,87,210,290,742,109,869,585,931,997,925,301,16,908,870,911,103,624,8,841,71,313,205,813,285,367,799,679,977,603,160,511,20,207,877,397,862,857,951,492,356,651,839,703,467,783,468,224,217,673,933,605,608,596,592,37,888,51,941,366,420,623,471,896,259,659,218,120,865,503,758,811,90,739,351,831,658,317,909,607,845,325,206,297,725,315,264,9,67,882,740,245,258,135,390,44,65,724,309,189,597,485,235,809,829,34,136,323,352,314,454,904,456,168,991,847,707,401,421,353,930,178,25,36,127,678,549,569,972,955,849,53,993,533,859,474,419,789,458,958,482,556,193,125,396,330,574,830,968,590,227,872,450,134,884,765,283,572,176,186,892,463,715,69,123,787,100,385,956,978,713,950,318,122,150,277,405,443,749,735,116,667,286,987,243,922,362,944,874,546,1,229,606,938,917,416,622,179,642,895,541,368,225,763,767,634,240,871,728,903,181,764,197,559,800,781,129,881,838,879,964,676,302,621,177,953,629,231,495,144,915,752,365,771,496,524,683,497,711,897,986,107,187,702,706,769,292,796,395,775,776,595,729,945,981,932,413,43,97,372,164,898,666,750,377,383,49,238,162,155,984,851,478,528,424,226,517,50,937,880,195,817,66,974,500,61,14,185,200,505,499,952,494,988,508,564,35,565,992,171,542,1000,501,936,692,519,902,697,939,466,223,425,965,199,303,369,636,329,262,445,684,669,110,790,142,479,41,296,604,990,143,523,166,510,802,161,586,686,584,282,920,833,104,173,251,649,163,46,861,111,375,399,509,957,785,140,819,333,983,273,714,481,736,188,389,655,994,538,853,64,617,310,709,900,241,537,502,818,594,121,221,119,219,751,734,337,335,717,411,23,708,346,969,300,593,834,305,412,436,891,923,472,689,382,672,599,211,675,598,890,165,570,428,319,386,805,158,645,753,114,484,228,852,695,798,82,406,816,256,498,810,327,433,336,146,551,682,980,280,907,704,966,47,457,786,57,812,270,42,108,350,793,806,252,91,298,959,253,493,331,378,828,288,625,521,512,814,962,360,152,473,657,641,216,914,56,663,289,820,731,172,220,699,543,438,989,643,18,815,687,627,246,307,384,554,916,465,727,518,948,664,215,646,128,26,609,526,626,873,970,98,842,547,571,62,525,92,927,95,448,633,946,738,15,843,883,266,130,770,619,866,784,662,29,126,31,514,230,760,696,96,529,343,175,28,58,236,279,942,579,355,3,698,24,723,312,306,198,550,710,398,691,209,747,167,17,208,782,719,580,363,488,491,578,139,722,694,531,573,808,278,418,400,437,137,446,84,665,388,730,737,534,935,244,912,105,402,214,248,444,174,434,885,756,788,924,827,72,431,780,73,7,844,644,821,291,539,822,660,6,426,905,374,192,583,794,804,404,281,274,451,254,635,612,267,194,803,80,792,440,761,855,39,459,601,772,113,12,858,940,823,963,85,864,967,741,836,576,778,671,674,975,777,540,954,483,506,88,407,295,191,532,13,721,263,408,361,825,490,919,774,255,392,773,507,74,118,863,901,949,338,639,40,921,77,589,791,380,515,102,201,668,588,359,846,856,342,204,19,960,611,615,63,824,38,261,614,581,835,447,840,558,157,755,370,394,237,284,326,153,979,913,462,973,294,705,712,486,999,334,522,159,563,759,544,889,561,415,30,648,928,149,807,345,190,693,475,427,112,600,560,779,943,441,452,630,442,610,304,926,587,124,602,141,347,899,52,89,169,826,249,700,93,464,480,299,638,202,320,701,410,733,196,422,387,341,60,371,718,832,138,269,976,947,487,4,575,618,837,650,887,379,548,293,70,22,242,257,276,148,272,568,530,513,453,376,631,690,117,250,613,681,746,271,79,233,535,59,998,391,460,68,265,0> = 82557685 (TOUR)
BEGIN PARTIAL - GPU-XPU
initializing kernel 0 with &kernel:0x271bd40 SWAP TOTAL=0
&h_moves=0x203600000
launching kernel k=0 SWAP!
kernel moveElems=998!
Calling kernel SWAP
Kernel SWAP	grid(1,998,1)	blck(576,1,1)	shared=16032 (15 KB)	size=1002
adsData=0x500fa0000
kernel time 3.2510000 ms
moveElems=998
after sort 0 (99,273) -566886
graph resize to 998
Graph  992/998 SWAP moves
partial GPU-CPU time 2.8060000 ms
partial GPU-CPU improvement=-22967473 count=123 moveCount=123
kernel 2 moveElems=998!
partial GPU-GPU time 1.1470000 ms
partial GPU-GPU improvement=-22967473 count=123 moveCount=123
IMPR CHECKED OK!

initializing kernel 1 with &kernel:0x2cedbb0 2OPT TOTAL=0
&h_moves=0x203602000
launching kernel k=1 2OPT!
kernel moveElems=501!
kernel time 1.7390000 ms
moveElems=501
after sort 0 (42,509) -851942
graph resize to 501
Graph  501/501 2OPT moves
partial GPU-CPU time 0.8400000 ms
partial GPU-CPU improvement=-1990839 count=4 moveCount=4
kernel 2 moveElems=501!
partial GPU-GPU time 0.7380000 ms
partial GPU-GPU improvement=-1990839 count=4 moveCount=4
IMPR CHECKED OK!

initializing kernel 2 with &kernel:0x2cedcc0 OROPT1 TOTAL=0
&h_moves=0x203604000
launching kernel k=2 OROPT1!
kernel moveElems=999!
kernel time 6.5690000 ms
moveElems=999
after sort 0 (99,1) -409599
graph resize to 999
Graph  998/999 OROPT1 moves
partial GPU-CPU time 4.5980000 ms
partial GPU-CPU improvement=-4272292 count=21 moveCount=21
kernel 2 moveElems=999!
partial GPU-GPU time 0.7660000 ms
partial GPU-GPU improvement=-4272292 count=21 moveCount=21
IMPR CHECKED OK!

END PARTIAL - GPU-XPU
-----------------------------------------
BEGIN TOTAL - GPU-XPU
initializing kernel 0 with &tkernel:0x2cedff0 SWAP TOTAL=1
&tkernel->transBuffer=0x203700000
&h_moves=0x203700000
tkernel solution set!
launching kernel k=0 SWAP!
kernel moveElems=574848!
Calling kernel SWAP
Kernel SWAP	grid(1,998,1)	blck(576,1,1)	shared=16032 (15 KB)	size=1002
adsData=0x502400000
kernel time 2.3110000 ms
GOT RESULT OF 574848 ELEMS
moveElems=574848
after sort 0 (99,273) -566886
graph resize to 76803
Graph  76803/76803 SWAP moves
total GPU-CPU time 17838.6290000 ms
total GPU-CPU improvement=-31682432 count=210 moveCount=210
tkernel 2 moveElems=574848!
total GPU-GPU time 424.9460000 ms
total GPU-GPU improvement=-31682432 count=210 moveCount=210
IMPR CHECKED OK!

finished this kernel
initializing kernel 1 with &tkernel:0x2cee100 2OPT TOTAL=1
&tkernel->transBuffer=0x203ec0000
&h_moves=0x203ec0000
tkernel solution set!
launching kernel k=1 2OPT!
kernel moveElems=288576!
kernel time 1.3140000 ms
GOT RESULT OF 288576 ELEMS
moveElems=288576
after sort 0 (42,509) -851942
graph resize to 97688
Graph  97688/97688 2OPT moves
total GPU-CPU time 89267.7950000 ms
total GPU-CPU improvement=-2371773 count=11 moveCount=11
tkernel 2 moveElems=288576!
total GPU-GPU time 169.1560000 ms
total GPU-GPU improvement=-2371773 count=11 moveCount=11
IMPR CHECKED OK!

finished this kernel
initializing kernel 2 with &tkernel:0x2cee210 OROPT1 TOTAL=1
&tkernel->transBuffer=0x204680000
&h_moves=0x204680000
tkernel solution set!
launching kernel k=2 OROPT1!
kernel moveElems=895104!
kernel time 4.4930000 ms
GOT RESULT OF 895104 ELEMS
moveElems=895104
after sort 0 (99,1) -409599
WARNING: LIMIT OF 120000 MOVES EXCEEDED FOR CPU GRAPH!
WARNING: THE GPU-GPU WILL PROBABLY RETURN A DIFFERENT (MORE PRECISE) VALUE THAN THIS GPU-CPU
graph resize to 120000
Graph  120000/120000 OROPT1 moves
total GPU-CPU time 207269.6710000 ms
total GPU-CPU improvement=-4268289 count=23 moveCount=23
tkernel 2 moveElems=895104!
total GPU-GPU time 526.1290000 ms
total GPU-GPU improvement=-4361766 count=30 moveCount=23
IMPR CHECK ERROR! :( 

finished this kernel
-----------------------------------------
END TOTAL
***
* Solution #2
***
random solution created!
<0,576,851,226,300,784,239,848,332,489,628,431,902,496,528,100,184,961,783,288,702,123,205,539,482,917,677,269,588,564,875,135,301,224,911,963,60,75,258,469,339,970,971,537,106,492,397,114,67,885,846,194,713,448,210,214,344,873,151,38,342,7,10,491,409,116,880,739,462,809,515,426,365,916,163,655,45,180,737,86,99,777,566,107,614,423,285,417,529,89,264,238,986,487,458,282,972,311,871,572,24,645,992,452,923,158,693,860,603,642,133,130,609,162,2,208,237,366,928,321,47,481,790,757,827,658,671,670,988,531,170,932,251,950,228,919,459,797,343,825,103,536,766,822,770,138,451,611,876,815,941,649,362,720,144,388,796,627,617,39,292,808,599,472,399,973,182,313,449,9,526,95,485,746,456,17,438,683,201,652,998,376,454,981,772,31,719,682,904,443,656,203,979,392,338,538,685,852,329,960,801,997,50,898,676,157,533,924,323,246,440,119,253,877,71,799,752,700,271,96,178,68,838,867,298,896,781,432,907,364,903,501,530,844,477,207,336,508,699,120,855,105,255,464,520,630,830,261,401,794,571,197,357,297,104,957,837,835,65,232,136,425,384,325,148,347,183,25,149,450,549,378,640,675,63,478,390,689,140,381,11,305,557,254,196,765,310,798,94,206,421,965,385,824,730,72,551,734,985,905,754,333,812,26,541,759,230,78,709,420,913,527,407,227,260,653,581,427,952,597,309,480,788,836,380,596,608,717,499,36,779,632,805,436,703,948,52,943,351,724,213,823,356,622,763,171,740,688,893,87,820,918,199,687,829,32,263,792,769,476,938,987,882,418,59,723,545,42,548,159,694,429,53,471,187,728,46,152,618,780,574,437,535,899,914,884,91,949,286,841,945,240,601,663,729,745,70,150,934,577,865,250,748,1,195,818,466,495,281,582,200,516,283,892,989,637,591,776,129,977,641,559,636,502,121,921,579,419,69,434,744,964,304,940,375,701,859,595,678,509,202,954,942,222,619,497,668,995,761,584,473,758,944,506,751,767,33,124,615,897,743,173,118,620,35,563,303,445,575,810,142,299,634,610,691,738,856,721,30,573,813,83,268,984,276,111,134,315,439,14,999,21,937,486,113,939,156,647,412,85,353,975,155,832,66,795,803,690,821,387,890,532,874,692,145,706,869,5,455,1000,44,435,147,256,712,888,56,747,346,461,793,978,722,102,802,382,922,15,967,153,37,906,179,383,391,92,633,908,470,679,335,953,646,479,500,651,467,504,296,372,488,349,849,125,177,947,415,326,284,231,430,926,280,672,422,55,101,295,936,348,225,395,635,221,680,8,667,580,586,294,245,915,358,956,711,749,405,363,866,279,316,40,681,870,122,968,161,604,826,172,257,598,218,863,587,167,845,927,544,590,716,110,112,543,814,789,705,909,715,141,465,831,493,146,160,786,34,345,81,41,337,209,51,293,756,673,212,447,920,731,891,554,82,858,735,166,410,58,88,433,414,600,76,624,143,718,191,474,186,806,613,547,561,983,367,644,109,525,840,861,750,211,503,930,236,354,277,64,578,648,804,886,490,291,736,403,408,192,991,959,93,955,193,994,834,958,895,514,233,28,990,569,270,900,62,22,933,411,265,185,785,558,929,340,773,589,800,290,657,976,686,684,287,29,463,828,616,389,74,560,278,565,753,764,20,993,521,90,249,853,27,969,695,912,80,505,374,241,373,725,132,48,585,612,887,910,534,523,164,606,842,446,819,778,878,555,540,791,659,318,510,661,266,154,61,396,833,708,442,674,128,379,6,247,273,115,762,742,513,629,511,542,217,137,755,229,84,889,553,925,774,174,602,621,931,320,252,457,259,424,512,593,319,400,49,951,394,771,216,484,402,460,807,839,974,97,666,962,475,413,98,857,664,126,359,13,982,643,883,567,483,350,371,331,650,274,583,404,328,507,732,189,314,768,546,704,468,79,317,901,275,54,980,714,169,556,782,607,127,215,131,57,552,4,308,710,498,428,817,312,341,894,306,322,330,524,881,168,562,570,386,441,568,416,594,248,175,626,996,267,623,188,108,862,654,816,966,625,787,181,117,165,272,854,12,262,77,327,289,868,393,355,727,517,219,760,43,139,243,198,741,592,696,18,361,843,665,850,176,324,223,775,370,334,847,398,16,697,73,550,444,669,235,698,377,307,302,369,3,639,244,726,242,234,360,879,204,660,811,406,190,519,605,23,631,946,368,522,864,733,707,935,220,872,662,638,494,19,352,453,518,0> = 79198500 (TOUR)
BEGIN PARTIAL - GPU-XPU
initializing kernel 0 with &kernel:0x271bd40 SWAP TOTAL=0
&h_moves=0x203600000
launching kernel k=0 SWAP!
kernel moveElems=998!
Calling kernel SWAP
Kernel SWAP	grid(1,998,1)	blck(576,1,1)	shared=16032 (15 KB)	size=1002
adsData=0x500fa0000
kernel time 3.0720000 ms
moveElems=998
after sort 0 (93,186) -566367
graph resize to 998
Graph  995/998 SWAP moves
partial GPU-CPU time 2.8320000 ms
partial GPU-CPU improvement=-23074709 count=121 moveCount=121
kernel 2 moveElems=998!
partial GPU-GPU time 0.7870000 ms
partial GPU-GPU improvement=-23074709 count=121 moveCount=121
IMPR CHECKED OK!

initializing kernel 1 with &kernel:0x2cedbb0 2OPT TOTAL=0
&h_moves=0x203602000
launching kernel k=1 2OPT!
kernel moveElems=501!
kernel time 1.6550000 ms
moveElems=501
after sort 0 (129,462) -672510
graph resize to 501
Graph  498/501 2OPT moves
partial GPU-CPU time 0.8650000 ms
partial GPU-CPU improvement=-2466422 count=6 moveCount=6
kernel 2 moveElems=501!
partial GPU-GPU time 0.7630000 ms
partial GPU-GPU improvement=-2466422 count=6 moveCount=6
IMPR CHECKED OK!

initializing kernel 2 with &kernel:0x2cedcc0 OROPT1 TOTAL=0
&h_moves=0x203604000
launching kernel k=2 OROPT1!
kernel moveElems=999!
kernel time 6.2240000 ms
moveElems=999
after sort 0 (209,5) -391890
graph resize to 999
Graph  998/999 OROPT1 moves
partial GPU-CPU time 4.5060000 ms
partial GPU-CPU improvement=-3263445 count=17 moveCount=17
kernel 2 moveElems=999!
partial GPU-GPU time 0.7530000 ms
partial GPU-GPU improvement=-3263445 count=17 moveCount=17
IMPR CHECKED OK!

END PARTIAL - GPU-XPU
-----------------------------------------
BEGIN TOTAL - GPU-XPU
initializing kernel 0 with &tkernel:0x2cedff0 SWAP TOTAL=1
&tkernel->transBuffer=0x203700000
&h_moves=0x203700000
tkernel solution set!
launching kernel k=0 SWAP!
kernel moveElems=574848!
Calling kernel SWAP
Kernel SWAP	grid(1,998,1)	blck(576,1,1)	shared=16032 (15 KB)	size=1002
adsData=0x502400000
kernel time 2.2070000 ms
GOT RESULT OF 574848 ELEMS
moveElems=574848
after sort 0 (93,186) -566367
graph resize to 74550
Graph  74550/74550 SWAP moves
total GPU-CPU time 17306.6480000 ms
total GPU-CPU improvement=-32267253 count=207 moveCount=207
tkernel 2 moveElems=574848!
total GPU-GPU time 426.1770000 ms
total GPU-GPU improvement=-32267253 count=207 moveCount=207
IMPR CHECKED OK!

finished this kernel
initializing kernel 1 with &tkernel:0x2cee100 2OPT TOTAL=1
&tkernel->transBuffer=0x203ec0000
&h_moves=0x203ec0000
tkernel solution set!
launching kernel k=1 2OPT!
kernel moveElems=288576!
kernel time 1.3630000 ms
GOT RESULT OF 288576 ELEMS
moveElems=288576
after sort 0 (129,462) -672510
graph resize to 64606
Graph  64606/64606 2OPT moves
total GPU-CPU time 31402.3840000 ms
total GPU-CPU improvement=-4275777 count=26 moveCount=26
tkernel 2 moveElems=288576!
total GPU-GPU time 166.4200000 ms
total GPU-GPU improvement=-4275777 count=26 moveCount=26
IMPR CHECKED OK!

finished this kernel
initializing kernel 2 with &tkernel:0x2cee210 OROPT1 TOTAL=1
&tkernel->transBuffer=0x204680000
&h_moves=0x204680000
tkernel solution set!
launching kernel k=2 OROPT1!
kernel moveElems=895104!
kernel time 4.5330000 ms
GOT RESULT OF 895104 ELEMS
moveElems=895104
after sort 0 (209,5) -391890
WARNING: LIMIT OF 120000 MOVES EXCEEDED FOR CPU GRAPH!
WARNING: THE GPU-GPU WILL PROBABLY RETURN A DIFFERENT (MORE PRECISE) VALUE THAN THIS GPU-CPU
graph resize to 120000
Graph  120000/120000 OROPT1 moves
total GPU-CPU time 256517.6230000 ms
total GPU-CPU improvement=-3525134 count=23 moveCount=23
tkernel 2 moveElems=895104!
total GPU-GPU time 512.1700000 ms
total GPU-GPU improvement=-3629234 count=30 moveCount=23
IMPR CHECK ERROR! :( 

finished this kernel
-----------------------------------------
END TOTAL
***
* Solution #3
***
random solution created!
<0,138,241,256,416,673,192,99,1000,398,215,161,102,351,999,260,600,163,931,378,493,578,642,775,448,197,723,151,870,186,21,685,420,486,729,595,447,558,75,183,655,23,860,582,303,937,114,392,45,285,51,144,17,888,203,506,478,688,223,1,705,960,467,957,450,391,458,831,895,745,5,993,622,406,994,430,83,884,491,46,911,10,647,684,816,9,348,878,80,725,587,258,630,891,325,297,14,896,261,894,175,108,656,514,677,479,823,953,889,903,421,929,369,934,616,499,806,323,850,357,292,504,848,298,110,232,876,97,170,812,32,387,288,59,849,818,70,81,290,554,780,902,149,973,985,331,477,709,653,401,720,160,736,424,915,275,77,40,133,543,871,250,547,278,997,948,500,307,919,255,662,209,466,573,602,7,750,925,489,104,310,574,42,786,417,69,122,229,635,147,924,380,966,672,58,822,770,422,332,439,515,127,521,858,498,990,130,707,363,938,366,212,728,868,121,971,874,986,476,680,131,84,274,906,946,706,52,358,545,13,661,15,738,936,413,885,247,101,373,598,880,807,590,334,269,364,343,754,426,974,135,956,751,767,828,142,691,435,328,649,877,982,187,230,239,609,295,34,385,472,377,964,810,49,654,928,819,333,566,752,945,302,540,637,360,48,519,886,412,690,930,139,614,618,463,698,112,93,252,158,727,423,517,645,793,309,154,959,811,969,29,136,996,856,492,185,177,844,776,892,273,782,220,36,699,678,899,833,407,452,134,202,615,300,327,829,548,225,679,588,167,526,570,217,539,107,568,367,603,978,469,944,106,408,509,405,802,254,251,354,313,237,941,620,724,26,19,864,836,485,712,814,289,863,865,340,765,455,305,159,714,2,361,726,761,617,762,473,356,658,418,987,456,531,3,474,283,827,409,371,560,96,222,353,88,8,624,153,47,608,92,759,522,528,344,551,454,883,628,546,200,904,633,231,813,465,213,611,747,16,240,291,259,644,760,640,355,979,594,564,129,520,164,191,117,168,639,257,681,268,693,494,972,113,487,446,481,756,437,730,605,359,468,415,243,443,796,43,372,389,184,755,797,157,201,315,336,939,744,395,900,977,666,683,438,781,749,768,27,221,65,926,965,623,922,619,593,731,758,788,757,537,634,266,33,330,66,445,262,872,90,382,708,785,339,766,337,771,787,89,586,646,60,563,125,632,840,218,675,462,460,773,739,942,180,687,907,87,641,541,294,626,128,663,238,11,963,533,702,284,224,394,842,146,636,777,166,375,779,753,103,664,126,44,205,181,4,800,271,206,39,897,975,670,173,671,717,37,182,326,790,908,669,845,882,264,873,162,808,425,226,502,778,557,572,496,301,940,859,299,651,482,22,597,379,821,567,140,68,855,652,713,583,696,512,199,365,674,503,440,318,376,263,349,350,214,71,188,952,120,901,695,988,105,853,667,659,111,145,471,606,317,41,374,535,703,174,809,834,490,399,282,449,55,61,322,918,711,249,24,559,742,179,386,432,311,123,887,734,109,293,553,943,815,176,576,866,916,76,580,276,875,178,86,954,314,267,799,596,451,434,442,801,516,28,530,980,843,912,253,534,838,627,961,527,195,772,861,320,18,461,584,542,12,171,228,497,898,118,581,575,484,227,920,577,789,91,172,927,518,6,63,94,992,719,414,805,246,589,701,579,538,436,429,488,748,676,396,657,480,464,791,433,798,867,955,529,148,319,604,444,612,169,544,847,306,30,682,513,495,803,950,524,50,893,67,746,638,737,881,82,277,967,98,270,38,692,57,550,79,933,95,631,732,552,345,287,72,716,115,621,854,835,857,830,233,591,510,116,219,763,824,193,245,459,686,820,54,710,265,501,194,981,909,338,914,272,923,100,817,629,648,625,384,735,427,124,74,599,321,569,532,155,244,53,342,388,286,643,743,304,132,795,236,837,794,935,402,549,280,511,390,585,668,324,507,998,613,555,279,769,665,362,694,196,718,536,78,242,722,932,561,733,879,419,150,949,995,457,984,352,248,525,846,207,650,989,783,335,137,62,571,198,958,204,704,312,610,826,383,607,411,20,165,31,296,991,970,346,119,397,947,453,470,976,764,917,862,35,983,400,910,210,281,890,234,913,431,951,428,921,792,592,832,851,152,700,689,740,715,56,211,721,825,968,143,804,660,156,410,869,841,565,141,25,216,774,601,556,368,208,562,370,329,852,190,73,962,189,235,523,475,316,508,784,404,85,905,403,341,505,483,839,697,393,441,308,741,64,381,347,0> = 82658591 (TOUR)
BEGIN PARTIAL - GPU-XPU
initializing kernel 0 with &kernel:0x271bd40 SWAP TOTAL=0
&h_moves=0x203600000
launching kernel k=0 SWAP!
kernel moveElems=998!
Calling kernel SWAP
Kernel SWAP	grid(1,998,1)	blck(576,1,1)	shared=16032 (15 KB)	size=1002
adsData=0x500fa0000
kernel time 3.0870000 ms
moveElems=998
after sort 0 (132,182) -639082
graph resize to 998
Graph  992/998 SWAP moves
partial GPU-CPU time 2.8200000 ms
partial GPU-CPU improvement=-24808081 count=119 moveCount=119
kernel 2 moveElems=998!
partial GPU-GPU time 0.7860000 ms
partial GPU-GPU improvement=-24808081 count=119 moveCount=119
IMPR CHECKED OK!

initializing kernel 1 with &kernel:0x2cedbb0 2OPT TOTAL=0
&h_moves=0x203602000
launching kernel k=1 2OPT!
kernel moveElems=501!
kernel time 1.6530000 ms
moveElems=501
after sort 0 (161,719) -579363
graph resize to 501
Graph  501/501 2OPT moves
partial GPU-CPU time 0.8630000 ms
partial GPU-CPU improvement=-2516434 count=7 moveCount=7
kernel 2 moveElems=501!
partial GPU-GPU time 0.7640000 ms
partial GPU-GPU improvement=-2516434 count=7 moveCount=7
IMPR CHECKED OK!

initializing kernel 2 with &kernel:0x2cedcc0 OROPT1 TOTAL=0
&h_moves=0x203604000
launching kernel k=2 OROPT1!
kernel moveElems=999!
kernel time 6.2440000 ms
moveElems=999
after sort 0 (162,24) -386486
graph resize to 999
Graph  996/999 OROPT1 moves
partial GPU-CPU time 4.5660000 ms
partial GPU-CPU improvement=-3979737 count=19 moveCount=19
kernel 2 moveElems=999!
partial GPU-GPU time 0.7690000 ms
partial GPU-GPU improvement=-3979737 count=19 moveCount=19
IMPR CHECKED OK!

END PARTIAL - GPU-XPU
-----------------------------------------
BEGIN TOTAL - GPU-XPU
initializing kernel 0 with &tkernel:0x2cedff0 SWAP TOTAL=1
&tkernel->transBuffer=0x203700000
&h_moves=0x203700000
tkernel solution set!
launching kernel k=0 SWAP!
kernel moveElems=574848!
Calling kernel SWAP
Kernel SWAP	grid(1,998,1)	blck(576,1,1)	shared=16032 (15 KB)	size=1002
adsData=0x502400000
kernel time 2.2210000 ms
GOT RESULT OF 574848 ELEMS
moveElems=574848
after sort 0 (132,182) -639082
graph resize to 80049
Graph  80049/80049 SWAP moves
total GPU-CPU time 19613.1570000 ms
total GPU-CPU improvement=-34667274 count=207 moveCount=207
tkernel 2 moveElems=574848!
total GPU-GPU time 419.8830000 ms
total GPU-GPU improvement=-34667274 count=207 moveCount=207
IMPR CHECKED OK!

finished this kernel
initializing kernel 1 with &tkernel:0x2cee100 2OPT TOTAL=1
&tkernel->transBuffer=0x203ec0000
&h_moves=0x203ec0000
tkernel solution set!
launching kernel k=1 2OPT!
kernel moveElems=288576!
kernel time 1.3240000 ms
GOT RESULT OF 288576 ELEMS
moveElems=288576
after sort 0 (161,719) -579363
graph resize to 69544
Graph  69544/69544 2OPT moves
total GPU-CPU time 42300.6550000 ms
total GPU-CPU improvement=-4793692 count=32 moveCount=32
tkernel 2 moveElems=288576!
total GPU-GPU time 176.3690000 ms
total GPU-GPU improvement=-4793692 count=32 moveCount=32
IMPR CHECKED OK!

finished this kernel
initializing kernel 2 with &tkernel:0x2cee210 OROPT1 TOTAL=1
&tkernel->transBuffer=0x204680000
&h_moves=0x204680000
tkernel solution set!
launching kernel k=2 OROPT1!
kernel moveElems=895104!
kernel time 4.5110000 ms
GOT RESULT OF 895104 ELEMS
moveElems=895104
after sort 0 (162,24) -386486
WARNING: LIMIT OF 120000 MOVES EXCEEDED FOR CPU GRAPH!
WARNING: THE GPU-GPU WILL PROBABLY RETURN A DIFFERENT (MORE PRECISE) VALUE THAN THIS GPU-CPU
graph resize to 120000
Graph  120000/120000 OROPT1 moves
total GPU-CPU time 288446.1130000 ms
total GPU-CPU improvement=-5030543 count=26 moveCount=26
tkernel 2 moveElems=895104!
total GPU-GPU time 515.1590000 ms
total GPU-GPU improvement=-5184030 count=38 moveCount=26
IMPR CHECK ERROR! :( 

finished this kernel
-----------------------------------------
END TOTAL
finished successfully

